155629
886393
157984
496585
257763
938274
239784
852576
647977
772855
217186
984217
764888
241936
619381
775433
183586
894858
154474
242154
325833
337883
938754
565542
361879
238125
833398
388278
161445
223349
848674
146221
861178
758625
925747
237754
735471
632221
717635
579984
198812
889317
552344
676246
811879
382378
418839
638328
899397
152788
411895
417538
936952
865593
329751
735599
196759
211264
977472
938214
449976
947416
418653
397966
751663
222824
276161
865966
776215
632652
313629
117797
589412
473423
339436
457215
695787
563371
862814
242963
938597
966562
184169
625427
372622
173534
963365
558138
354454
713813
158982
142899
858479
951996
613969
916883
752214
519674
883378
248718